# Original controller actions rebased after pause/options smoke test. No guest-state writes.
4074 4313 0 128 128
4314 4378 0 128 255
4379 4396 0 128 0
4397 4576 0 128 128
4577 4584 16384 128 128
4585 4644 0 128 128
4645 4652 16 128 128
4653 4752 0 128 128
4753 4760 64 128 128
4761 4768 0 128 128
4769 4776 64 128 128
4777 4784 0 128 128
4785 4792 64 128 128
4793 4800 0 128 128
4801 4802 16 128 128
4803 4810 0 128 128
4811 4812 16 128 128
4813 4820 0 128 128
4821 4822 16 128 128
4823 4830 0 128 128
4831 4832 16384 128 128
4833 4840 0 128 128
4841 4842 16 128 128
4843 4850 0 128 128
4851 4852 16 128 128
4853 4860 0 128 128
4861 4862 16 128 128
4863 4870 0 128 128
4871 4872 16384 128 128
4873 4880 0 128 128
4881 4882 8192 128 128
4883 4962 0 128 128
4963 4964 16384 128 128
4965 5024 0 128 128
5025 5044 0 255 128
5045 5056 0 0 128
5057 5058 256 128 128
5059 5062 0 128 128
5063 5064 256 128 128
5065 5099 4096 128 0
5100 5119 8192 128 0
5120 5149 8192 128 128
5150 5169 0 255 128
5170 5204 0 128 0
5205 5304 0 128 128
5305 5319 0 128 255
5320 5344 0 128 255
5345 5354 0 128 128
5355 5360 0 0 128
5361 5370 0 128 128
5371 5373 0 0 128
5374 5381 0 128 128
5382 5406 0 128 0
5407 5506 0 128 128
5507 5508 4096 128 128
5509 5688 0 128 128
5689 5690 16 128 128
5691 5870 0 128 128
5871 5872 16384 128 128
5873 5882 0 128 128
5883 5902 0 128 255
5903 5917 0 255 128
5918 5927 0 128 128
5928 5962 0 128 0
5963 5964 16 128 128
5965 5994 0 128 128
5995 6029 0 128 0
6030 6031 16 128 128
6032 6061 0 128 128
6062 6073 0 128 0
6074 6075 16 128 128
6076 6105 0 128 128
6106 6107 16 128 128
6108 6115 0 128 128
6116 6117 16 128 128
6118 6125 0 128 128
6126 6127 16384 128 128
6128 6135 0 128 128
6136 6137 64 128 128
6138 6145 0 128 128
6146 6147 16384 128 128
6148 6155 0 128 128
6156 6157 8192 128 128
6158 6257 0 128 128
6258 6259 128 128 128
6260 6267 0 128 128
6268 6307 0 255 128
6308 6315 0 128 128
6316 6335 0 255 128
6336 6343 0 128 128
6344 6355 0 255 128
6356 6363 0 128 128
6364 6373 0 255 128
6374 6381 0 128 128
6382 6386 0 255 128
6387 6394 0 128 128
6395 6454 0 128 0
6455 6461 0 255 128
6462 6469 0 128 128
6470 6494 0 128 0
6495 6509 512 128 128
6510 6527 512 128 0
6528 6647 16896 128 128
6648 6947 16896 128 128
6948 6957 16896 128 0
6958 7137 16896 128 128
7138 7147 0 128 128
7148 7149 16384 128 128
7150 7159 0 128 128
7160 7399 16384 128 128
7400 7407 0 128 128
7408 7409 16 128 128
7410 7469 0 128 128
7470 7477 16384 128 255
7478 7567 16384 128 128
7568 7571 16384 255 128
7572 7661 16384 128 128
7662 7721 512 128 128
7722 7841 16896 128 128
7842 7843 16384 0 255
7844 7903 16384 128 128
7904 7928 16384 180 128
7929 7958 16384 128 128
7959 7964 16384 255 128
7965 7989 16384 128 128
7990 7995 16384 255 128
7996 8010 16384 128 128
8011 8013 16384 128 255
8014 8093 16384 128 128
8094 8183 16384 128 128
8184 8185 16 128 128
8186 8193 0 128 128
8194 8195 128 128 128
8196 8203 0 128 128
8204 8215 0 255 128
8216 8230 512 128 128
8231 8470 0 128 128
8471 8472 64 128 128
8473 8480 0 128 128
8481 8482 16384 128 128
8483 8542 0 128 128
8543 8554 0 0 128
8555 8566 512 128 128
8567 8656 16896 128 128
8657 8896 0 128 128
8897 8898 16 128 128
8899 8918 0 128 128
8919 8933 0 128 255
8934 8935 16 128 128
8936 8955 0 128 128
8956 8957 16 128 128
8958 8965 0 128 128
8966 8967 16384 128 128
8968 8975 0 128 128
8976 8977 64 128 128
8978 8985 0 128 128
8986 8987 64 128 128
8988 8995 0 128 128
8996 8997 64 128 128
8998 9005 0 128 128
9006 9007 64 128 128
9008 9015 0 128 128
9016 9017 64 128 128
9018 9025 0 128 128
9026 9027 64 128 128
9028 9035 0 128 128
9036 9037 64 128 128
9038 9045 0 128 128
9046 9047 64 128 128
9048 9055 0 128 128
9056 9057 16384 128 128
9058 9065 0 128 128
9066 9067 8192 128 128
9068 9157 0 128 128
9158 9172 0 255 128
9173 9182 0 128 128
9183 9252 0 128 0
9253 9262 0 0 128
9263 9272 0 128 128
9273 9284 0 0 128
9285 9292 0 128 128
9293 9298 0 255 128
9299 9306 0 128 128
9307 9356 0 128 0
9357 9361 0 255 128
9362 9369 0 128 128
9370 9389 512 128 128
9390 9539 16896 128 128
9540 9549 0 128 128
9550 9551 16384 128 128
9552 9561 0 128 128
9562 9586 512 128 128
9587 9631 512 128 0
9632 9633 256 128 128
9634 9637 0 128 128
9638 9639 256 128 128
9640 9659 4096 128 0
9660 9679 512 128 128
9680 9769 16896 128 128
9770 10009 0 128 128
