1 2524 2532 0 128 128
2 2532 2552 0 128 128
3 2552 2560 0 128 128
4 2560 2575 0 128 128
5 2575 2583 0 128 128
6 2583 2598 0 128 128
7 2598 2618 0 128 128
8 2618 2626 0 128 128
9 2626 2648 0 128 128
10 2648 2670 0 128 128
11 2670 2685 0 128 128
12 2685 2693 0 128 128
13 2693 2701 0 128 128
14 2701 2726 0 128 128
15 2726 2738 0 128 128
16 2738 2748 0 128 128
17 2748 2763 0 128 128
18 2763 2775 0 128 128
19 2775 2810 0 128 128
20 2810 2830 0 128 128
21 2830 2838 0 128 128
22 2838 2858 0 128 128
23 2858 2866 0 128 128
24 2866 2871 8 128 128
25 2871 2881 0 128 128
26 2881 2916 0 128 128
27 2916 2924 0 128 128
28 2924 2929 16384 128 128
29 2929 2944 0 128 128
30 2944 2984 0 128 128
31 2984 2999 0 128 128
32 2999 3007 0 128 128
33 3007 3097 0 128 128
34 3097 3127 0 128 128
35 3127 3217 0 128 128
36 3217 3232 0 128 128
37 3232 3237 16384 128 128
38 3237 3249 0 128 128
39 3249 3279 0 128 128
40 3279 3369 0 128 128
41 3369 3389 0 128 128
42 3389 3469 0 128 128
43 3469 3519 0 128 128
44 3519 3527 16384 128 128
45 3527 3557 0 128 128
46 3557 3567 0 128 128
47 3567 3579 0 128 128
48 3579 3624 0 128 128
49 3624 3649 0 128 128
50 3649 3719 0 128 128
51 3719 3734 0 128 128
52 3734 3854 0 128 128
53 3854 3874 0 128 128
54 3874 3882 16384 128 128
55 3882 3922 0 128 128
56 3922 3930 0 128 128
57 3930 3942 0 128 128
58 3942 3952 0 128 128
59 3952 3960 16384 128 128
60 3960 4015 0 128 128
61 4015 4025 0 128 128
62 4025 4040 0 128 128
63 4040 4050 0 128 128
64 4050 4092 0 128 128
65 4092 4252 0 128 128
66 4252 0 0 128 128
