# Native controller-only input replay, recovered from interactive003-b. Intervals inclusive.
1000 1007 64 128 128
1008 1015 0 128 128
1016 1023 16384 128 128
1024 1103 0 128 128
1104 1111 64 128 128
1112 1119 0 128 128
1120 1127 16384 128 128
1128 1207 0 128 128
1208 1215 16384 128 128
1216 1295 0 128 128
1296 1303 16 128 128
1304 1311 0 128 128
1312 1319 16384 128 128
1320 1399 0 128 128
1400 1407 16384 128 128
1408 1487 0 128 128
1488 1495 64 128 128
1496 1503 0 128 128
1504 1511 16384 128 128
1512 1591 0 128 128
1592 1599 16384 128 128
1600 1899 0 128 128
1900 1907 16384 128 128
1908 2147 0 128 128
2148 2155 16384 128 128
2156 2395 0 128 128
2396 2403 16384 128 128
2404 2523 0 128 128
2524 2613 0 128 0
2614 2648 256 128 0
2649 2656 0 128 128
2657 2661 256 128 128
2662 2721 0 128 255
2722 2901 0 128 128
2902 2961 512 128 128
2962 2969 16384 128 128
2970 2999 0 128 128
3000 3059 512 128 128
3060 3071 16896 128 128
3072 3161 16896 128 128
# Additional controller-only commands recorded in session004 (no guest-state writes).
3162 3281 0 128 128
3282 3289 16384 128 128
3290 3439 0 128 128
3440 3447 16384 128 128
3448 3597 0 128 128
3598 3657 0 128 0
3658 3957 0 128 128
3958 3982 0 128 255
3983 4222 0 128 128
4223 4287 0 128 255
4288 4305 0 128 0
4306 4485 0 128 128
4486 4493 16384 128 128
4494 4553 0 128 128
4554 4561 16 128 128
4562 4661 0 128 128
4662 4669 64 128 128
4670 4677 0 128 128
4678 4685 64 128 128
4686 4693 0 128 128
4694 4701 64 128 128
4702 4709 0 128 128
4710 4711 16 128 128
4712 4719 0 128 128
4720 4721 16 128 128
4722 4729 0 128 128
4730 4731 16 128 128
4732 4739 0 128 128
4740 4741 16384 128 128
4742 4749 0 128 128
4750 4751 16 128 128
4752 4759 0 128 128
4760 4761 16 128 128
4762 4769 0 128 128
4770 4771 16 128 128
4772 4779 0 128 128
4780 4781 16384 128 128
4782 4789 0 128 128
4790 4791 8192 128 128
4792 4871 0 128 128
4872 4873 16384 128 128
4874 4933 0 128 128
4934 4935 256 128 128
4936 4939 0 128 128
4940 4941 256 128 128
4942 4986 0 128 128
4987 5006 4096 255 128
5007 5016 0 0 128
5017 5061 0 128 0
5062 5073 0 0 128
5074 5253 0 128 128
5254 5271 0 0 128
5272 5273 256 128 128
5274 5277 0 128 128
5278 5279 256 128 128
5280 5307 4096 128 128
5308 5315 0 255 128
5316 5345 0 255 128
