# Native controller-only input replay, recovered from interactive003-b. Intervals inclusive.
1000 1007 64 128 128
1008 1015 0 128 128
1016 1023 16384 128 128
1024 1103 0 128 128
1104 1111 64 128 128
1112 1119 0 128 128
1120 1127 16384 128 128
1128 1207 0 128 128
1208 1215 16384 128 128
1216 1295 0 128 128
1296 1303 16 128 128
1304 1311 0 128 128
1312 1319 16384 128 128
1320 1399 0 128 128
1400 1407 16384 128 128
1408 1487 0 128 128
1488 1495 64 128 128
1496 1503 0 128 128
1504 1511 16384 128 128
1512 1591 0 128 128
1592 1599 16384 128 128
1600 1899 0 128 128
1900 1907 16384 128 128
1908 2147 0 128 128
2148 2155 16384 128 128
2156 2395 0 128 128
2396 2403 16384 128 128
2404 2523 0 128 128
2524 2613 0 128 0
2614 2648 256 128 0
2649 2656 0 128 128
2657 2661 256 128 128
2662 2721 0 128 255
2722 2901 0 128 128
2902 2961 512 128 128
2962 2969 16384 128 128
2970 2999 0 128 128
3000 3059 512 128 128
3060 3071 16896 128 128
3072 3161 16896 128 128
