# Normal cold campaign route plus actual native005-ui-final controller input.

# No game position, health, inventory, mission flag or save-state edits.
1000 1007 64 128 128
1008 1015 0 128 128
1016 1023 16384 128 128
1024 1103 0 128 128
1104 1111 64 128 128
1112 1119 0 128 128
1120 1127 16384 128 128
1128 1207 0 128 128
1208 1215 16384 128 128
1216 1295 0 128 128
1296 1303 16 128 128
1304 1311 0 128 128
1312 1319 16384 128 128
1320 1399 0 128 128
1400 1407 16384 128 128
1408 1487 0 128 128
1488 1495 64 128 128
1496 1503 0 128 128
1504 1511 16384 128 128
1512 1591 0 128 128
1592 1599 16384 128 128
1600 1899 0 128 128
1900 1907 16384 128 128
1908 2147 0 128 128
2148 2155 16384 128 128
2156 2395 0 128 128
2396 2403 16384 128 128
2404 2523 0 128 128
2524 2613 0 128 0
2614 2648 256 128 0
2649 2656 0 128 128
2657 2661 256 128 128
2662 2721 0 128 255
2722 2901 0 128 128
2902 2961 512 128 128
2962 2969 16384 128 128
2970 2999 0 128 128
3000 3059 512 128 128
3060 3071 16896 128 128
3072 3161 16896 128 128
3162 3281 0 128 128
3282 3289 16384 128 128
3290 3439 0 128 128
3440 3447 16384 128 128
3448 3597 0 128 128
3598 3657 0 128 0
3658 3957 0 128 128
3958 3959 8 128 128
3960 3969 0 128 128
3970 3971 64 128 128
3972 3979 0 128 128
3980 3981 16384 128 128
3982 4006 0 128 128
4007 4008 16384 128 128
4009 4018 0 128 128
4019 4020 8192 128 128
4021 4028 0 128 128
4029 4030 8192 128 128
4031 4038 0 128 128
4039 4040 8192 128 128
4041 4048 0 128 128
4049 4073 0 128 255
4074 4313 0 128 128
4314 4378 0 128 255
4379 4396 0 128 0
4397 4576 0 128 128
4577 4584 16384 128 128
4585 4644 0 128 128
4645 4652 16 128 128
4653 4752 0 128 128
4753 4760 64 128 128
4761 4768 0 128 128
4769 4776 64 128 128
4777 4784 0 128 128
4785 4792 64 128 128
4793 4800 0 128 128
4801 4802 16 128 128
4803 4810 0 128 128
4811 4812 16 128 128
4813 4820 0 128 128
4821 4822 16 128 128
4823 4830 0 128 128
4831 4832 16384 128 128
4833 4840 0 128 128
4841 4842 16 128 128
4843 4850 0 128 128
4851 4852 16 128 128
4853 4860 0 128 128
4861 4862 16 128 128
4863 4870 0 128 128
4871 4872 16384 128 128
4873 4880 0 128 128
4881 4882 8192 128 128
4883 4962 0 128 128
4963 4964 16384 128 128
4965 5024 0 128 128
5025 5026 16 128 128
5027 5046 0 128 128
5047 5054 64 128 128
5055 5062 0 128 128
5063 5070 64 128 128
5071 5078 0 128 128
5079 5086 64 128 128
5087 5094 0 128 128
5095 5102 16384 128 128
5103 5110 0 128 128
5111 5118 16 128 128
5119 5126 0 128 128
5127 5134 16 128 128
5135 5142 0 128 128
5143 5150 16 128 128
5151 5158 0 128 128
5159 5166 16384 128 128
5167 5174 0 128 128
5175 5182 8192 128 128
5183 5282 0 128 128
5283 5290 16384 128 128
5291 5310 0 128 128
5311 5330 0 255 128
5331 5342 0 0 128
5343 5347 0 255 128
5348 5353 256 128 128
5354 5359 0 128 128
5360 5365 256 128 128
5366 5395 4096 128 0
5396 5397 256 128 128
5398 5401 0 128 128
5402 5403 256 128 128
5404 5428 4096 128 0
# Session 007 controller-only continuation.
5429 5473 4096 128 0
5474 5498 0 255 128
5499 5506 0 255 128
5507 5556 0 128 0
5557 5676 0 128 128
5677 5686 0 0 128
5687 5798 0 0 128
5799 5803 0 255 128
5804 5829 0 255 128
5830 5847 0 255 128
5848 5857 0 128 128
