# Native controller-only input replay, recovered from interactive003-b. Intervals inclusive.
1000 1007 64 128 128
1008 1015 0 128 128
1016 1023 16384 128 128
1024 1103 0 128 128
1104 1111 64 128 128
1112 1119 0 128 128
1120 1127 16384 128 128
1128 1207 0 128 128
1208 1215 16384 128 128
1216 1295 0 128 128
1296 1303 16 128 128
1304 1311 0 128 128
1312 1319 16384 128 128
1320 1399 0 128 128
1400 1407 16384 128 128
1408 1487 0 128 128
1488 1495 64 128 128
1496 1503 0 128 128
1504 1511 16384 128 128
1512 1591 0 128 128
1592 1599 16384 128 128
1600 1899 0 128 128
1900 1907 16384 128 128
1908 2147 0 128 128
2148 2155 16384 128 128
2156 2395 0 128 128
2396 2403 16384 128 128
2404 2523 0 128 128
2524 2613 0 128 0
2614 2648 256 128 0
2649 2656 0 128 128
2657 2661 256 128 128
2662 2721 0 128 255
2722 2901 0 128 128
2902 2961 512 128 128
2962 2969 16384 128 128
2970 2999 0 128 128
3000 3059 512 128 128
3060 3071 16896 128 128
3072 3161 16896 128 128
# Additional controller-only commands recorded in session004 (no guest-state writes).
3162 3281 0 128 128
3282 3289 16384 128 128
3290 3439 0 128 128
3440 3447 16384 128 128
3448 3597 0 128 128
3598 3657 0 128 0
3658 3957 0 128 128
3958 3982 0 128 255
3983 4222 0 128 128
4223 4287 0 128 255
4288 4305 0 128 0
4306 4485 0 128 128
4486 4493 16384 128 128
4494 4553 0 128 128
4554 4561 16 128 128
4562 4661 0 128 128
4662 4669 64 128 128
4670 4677 0 128 128
4678 4685 64 128 128
4686 4693 0 128 128
4694 4701 64 128 128
4702 4709 0 128 128
4710 4711 16 128 128
4712 4719 0 128 128
4720 4721 16 128 128
4722 4729 0 128 128
4730 4731 16 128 128
4732 4739 0 128 128
4740 4741 16384 128 128
4742 4749 0 128 128
4750 4751 16 128 128
4752 4759 0 128 128
4760 4761 16 128 128
4762 4769 0 128 128
4770 4771 16 128 128
4772 4779 0 128 128
4780 4781 16384 128 128
4782 4789 0 128 128
4790 4791 8192 128 128
4792 4871 0 128 128
4872 4873 16384 128 128
4874 4933 0 128 128
4934 4953 0 255 128
4954 4965 0 0 128
4966 4967 256 128 128
4968 4971 0 128 128
4972 4973 256 128 128
4974 5008 4096 128 0
5009 5028 8192 128 0
5029 5058 8192 128 128
5059 5078 0 255 128
5079 5113 0 128 0
5114 5213 0 128 128
5214 5228 0 128 255
5229 5253 0 128 255
5254 5263 0 128 128
5264 5269 0 0 128
5270 5279 0 128 128
5280 5282 0 0 128
5283 5290 0 128 128
5291 5315 0 128 0
5316 5415 0 128 128
5416 5417 4096 128 128
5418 5597 0 128 128
5598 5599 16 128 128
5600 5779 0 128 128
5780 5781 16384 128 128
5782 5791 0 128 128
5792 5811 0 128 255
5812 5826 0 255 128
5827 5836 0 128 128
5837 5871 0 128 0
5872 5873 16 128 128
5874 5903 0 128 128
5904 5938 0 128 0
5939 5940 16 128 128
5941 5970 0 128 128
5971 5982 0 128 0
5983 5984 16 128 128
5985 6014 0 128 128
6015 6016 16 128 128
6017 6024 0 128 128
6025 6026 16 128 128
6027 6034 0 128 128
6035 6036 16384 128 128
6037 6044 0 128 128
6045 6046 64 128 128
6047 6054 0 128 128
6055 6056 16384 128 128
6057 6064 0 128 128
6065 6066 8192 128 128
6067 6166 0 128 128
6167 6168 128 128 128
6169 6176 0 128 128
6177 6216 0 255 128
6217 6224 0 128 128
6225 6244 0 255 128
6245 6252 0 128 128
6253 6264 0 255 128
6265 6272 0 128 128
6273 6282 0 255 128
6283 6290 0 128 128
6291 6295 0 255 128
6296 6303 0 128 128
6304 6363 0 128 0
6364 6370 0 255 128
6371 6378 0 128 128
6379 6403 0 128 0
6404 6418 512 128 128
6419 6436 512 128 0
6437 6556 16896 128 128
6557 6856 16896 128 128
6857 6866 16896 128 0
6867 7046 16896 128 128
7047 7056 0 128 128
7057 7058 16384 128 128
7059 7068 0 128 128
7069 7308 16384 128 128
7309 7316 0 128 128
7317 7318 16 128 128
7319 7378 0 128 128
7379 7386 16384 128 255
7387 7476 16384 128 128
7477 7480 16384 255 128
7481 7570 16384 128 128
7571 7630 512 128 128
7631 7750 16896 128 128
7751 7752 16384 0 255
7753 7812 16384 128 128
7813 7837 16384 180 128
7838 7867 16384 128 128
7868 7873 16384 255 128
7874 7898 16384 128 128
7899 7904 16384 255 128
7905 7919 16384 128 128
7920 7922 16384 128 255
7923 8002 16384 128 128
8003 8092 16384 128 128
