# Original controller boot route ending before modern input takes over.
1000 1007 64 128 128
1008 1015 0 128 128
1016 1023 16384 128 128
1024 1103 0 128 128
1104 1111 64 128 128
1112 1119 0 128 128
1120 1127 16384 128 128
1128 1207 0 128 128
1208 1215 16384 128 128
1216 1295 0 128 128
1296 1303 16 128 128
1304 1311 0 128 128
1312 1319 16384 128 128
1320 1399 0 128 128
1400 1407 16384 128 128
1408 1487 0 128 128
1488 1495 64 128 128
1496 1503 0 128 128
1504 1511 16384 128 128
1512 1591 0 128 128
1592 1599 16384 128 128
1600 1899 0 128 128
1900 1907 16384 128 128
1908 2147 0 128 128
2148 2155 16384 128 128
2156 2395 0 128 128
2396 2403 16384 128 128
2404 2523 0 128 128
2525 2684 0 128 128
2685 2774 0 128 0
2775 2782 8 128 128
2783 2830 0 128 128
2831 2838 64 128 128
2839 2850 0 128 128
2851 2858 64 128 128
2859 2870 0 128 128
2871 2878 64 128 128
2879 2890 0 128 128
2891 2898 16384 128 128
2899 2938 0 128 128
2939 2946 128 128 128
2947 2958 0 128 128
2959 2966 16384 128 128
2967 3146 0 128 128
