# Normal cold campaign route plus actual native005-ui-final controller input.

# No game position, health, inventory, mission flag or save-state edits.
1000 1007 64 128 128
1008 1015 0 128 128
1016 1023 16384 128 128
1024 1103 0 128 128
1104 1111 64 128 128
1112 1119 0 128 128
1120 1127 16384 128 128
1128 1207 0 128 128
1208 1215 16384 128 128
1216 1295 0 128 128
1296 1303 16 128 128
1304 1311 0 128 128
1312 1319 16384 128 128
1320 1399 0 128 128
1400 1407 16384 128 128
1408 1487 0 128 128
1488 1495 64 128 128
1496 1503 0 128 128
1504 1511 16384 128 128
1512 1591 0 128 128
1592 1599 16384 128 128
1600 1899 0 128 128
1900 1907 16384 128 128
1908 2147 0 128 128
2148 2155 16384 128 128
2156 2395 0 128 128
2396 2403 16384 128 128
2404 2523 0 128 128
2524 2613 0 128 0
2614 2648 256 128 0
2649 2656 0 128 128
2657 2661 256 128 128
2662 2721 0 128 255
2722 2901 0 128 128
2902 2961 512 128 128
2962 2969 16384 128 128
2970 2999 0 128 128
3000 3059 512 128 128
3060 3071 16896 128 128
3072 3161 16896 128 128
3162 3281 0 128 128
3282 3289 16384 128 128
3290 3439 0 128 128
3440 3447 16384 128 128
3448 3597 0 128 128
3598 3657 0 128 0
3658 3957 0 128 128
3958 3959 8 128 128
3960 3969 0 128 128
3970 3971 64 128 128
3972 3979 0 128 128
3980 3981 16384 128 128
3982 4006 0 128 128
4007 4008 16384 128 128
4009 4018 0 128 128
4019 4020 8192 128 128
4021 4028 0 128 128
4029 4030 8192 128 128
4031 4038 0 128 128
4039 4040 8192 128 128
4041 4048 0 128 128
4049 4073 0 128 255
4074 4313 0 128 128
4314 4378 0 128 255
4379 4396 0 128 0
4397 4576 0 128 128
4577 4584 16384 128 128
4585 4644 0 128 128
4645 4652 16 128 128
4653 4752 0 128 128
4753 4760 64 128 128
4761 4768 0 128 128
4769 4776 64 128 128
4777 4784 0 128 128
4785 4792 64 128 128
4793 4800 0 128 128
4801 4802 16 128 128
4803 4810 0 128 128
4811 4812 16 128 128
4813 4820 0 128 128
4821 4822 16 128 128
4823 4830 0 128 128
4831 4832 16384 128 128
4833 4840 0 128 128
4841 4842 16 128 128
4843 4850 0 128 128
4851 4852 16 128 128
4853 4860 0 128 128
4861 4862 16 128 128
4863 4870 0 128 128
4871 4872 16384 128 128
4873 4880 0 128 128
4881 4882 8192 128 128
4883 4962 0 128 128
4963 4964 16384 128 128
4965 5024 0 128 128
5025 5026 16 128 128
5027 5046 0 128 128
5047 5054 64 128 128
5055 5062 0 128 128
5063 5070 64 128 128
5071 5078 0 128 128
5079 5086 64 128 128
5087 5094 0 128 128
5095 5102 16384 128 128
5103 5110 0 128 128
5111 5118 16 128 128
5119 5126 0 128 128
5127 5134 16 128 128
5135 5142 0 128 128
5143 5150 16 128 128
5151 5158 0 128 128
5159 5166 16384 128 128
5167 5174 0 128 128
5175 5182 8192 128 128
5183 5282 0 128 128
5283 5290 16384 128 128
5291 5310 0 128 128
5311 5330 0 255 128
5331 5342 0 0 128
5343 5347 0 255 128
5348 5353 256 128 128
5354 5359 0 128 128
5360 5365 256 128 128
5366 5395 4096 128 0
5396 5397 256 128 128
5398 5401 0 128 128
5402 5403 256 128 128
5404 5428 4096 128 0
# Session 007 controller-only continuation.
5429 5473 4096 128 0
5474 5498 0 255 128
5499 5506 0 255 128
5507 5556 0 128 0
5557 5676 0 128 128
5677 5686 0 0 128
5687 5798 0 0 128
5799 5803 0 255 128
5804 5829 0 255 128
5830 5847 0 255 128
5848 5857 0 128 128
# Additional controller-only native steps.
5858 5866 0 0 128
5867 5871 0 128 128
5872 5901 0 0 128
5902 5911 0 128 128
5912 5914 256 128 128
5915 5918 0 128 128
5919 5921 256 128 128
5922 5971 4096 128 128
5972 5986 4096 255 128
5987 6004 4096 128 0
6005 6011 4096 255 128
6012 6026 0 255 0
6027 6048 8192 128 128
6049 6066 0 0 0
6067 6091 0 128 128
6092 6116 0 128 128
6117 6151 0 255 128
6152 6171 0 0 0
6172 6179 4096 128 128
6180 6209 0 128 128
6210 6217 4096 128 128
6218 6242 0 128 255
6243 6267 512 0 128
6268 6283 0 128 0
6284 6293 512 255 128
6294 6303 0 128 0
6304 6309 16 128 128
6310 6389 0 128 128
6390 6411 0 128 255
6412 6438 0 255 128
6439 6458 0 128 128
6459 6466 16384 128 128
6467 6491 0 128 255
6492 6516 0 255 128
6517 6586 0 128 0
6587 6590 16 128 128
6591 6615 0 128 128
6616 6628 512 255 128
6629 6663 0 128 0
6664 6667 16 128 128
6668 6687 0 128 128
6688 6695 512 255 0
6696 6699 16 128 128
6700 6724 0 128 128
6725 6728 32768 128 128
6729 6733 0 128 128
6734 6736 16 128 128
6737 6741 0 128 128
6742 6744 16 128 128
6745 6749 0 128 128
6750 6752 16384 128 128
6753 6760 0 128 128
6761 6763 64 128 128
6764 6768 0 128 128
6769 6771 16384 128 128
6772 6777 0 128 128
6778 6780 8192 128 128
6781 6830 0 128 128
6831 6833 128 128 128
6834 6838 0 128 128
6839 6873 0 255 128
6874 6881 0 128 128
6882 6966 0 128 0
6967 7026 512 128 0
7027 7146 16896 128 128
7147 7158 16896 128 0
7159 7318 16896 128 128
7319 7322 16 128 128
7323 7352 0 128 128
7353 7356 16384 128 128
7357 7362 0 128 128
7363 7462 16896 128 128
7463 7542 16896 128 128
7543 7546 16 128 128
7547 7571 0 128 128
7572 7661 16384 128 128
7662 7667 16384 150 170
7668 7757 16384 128 128
7758 7769 0 128 255
7770 7814 0 128 128
7815 7894 16384 128 128
7895 7974 16384 128 128
7975 8019 0 128 128
8020 8089 16896 128 128
8090 8093 16 128 128
8094 8101 0 128 128
8102 8104 128 128 128
8105 8109 0 128 128
8110 8179 16896 128 128
8180 8191 512 128 128
8192 8231 16896 128 128
8232 8246 512 128 128
8247 8286 16896 128 128
8287 8301 512 128 128
8302 8319 512 255 128
8320 8354 16896 128 128
8355 8366 512 128 128
8367 8401 16896 128 128
8402 8413 512 128 128
8414 8513 0 128 128
8514 8517 16384 128 128
8518 8582 0 128 128
# Additional controller-only native steps.
8583 8712 0 128 128
8713 8747 512 0 255
8748 8751 16 128 128
8752 8766 0 128 128
8767 8788 512 0 128
8789 8792 16 128 128
8793 8807 0 128 128
8808 8810 16 128 128
8811 8814 0 128 128
8815 8817 16384 128 128
8818 8823 0 128 128
8824 8826 64 128 128
8827 8831 0 128 128
8832 8834 16384 128 128
8835 8838 0 128 128
8839 8841 64 128 128
8842 8845 0 128 128
8846 8848 64 128 128
8849 8852 0 128 128
8853 8855 64 128 128
8856 8859 0 128 128
8860 8862 64 128 128
8863 8866 0 128 128
8867 8869 64 128 128
8870 8873 0 128 128
8874 8876 16384 128 128
8877 8880 0 128 128
8881 8883 64 128 128
8884 8887 0 128 128
8888 8890 64 128 128
8891 8894 0 128 128
8895 8897 16384 128 128
8898 8902 0 128 128
8903 8905 8192 128 128
8906 8930 0 128 128
8931 8945 0 255 128
8946 8970 512 128 128
8971 9050 512 128 0
9051 9053 576 128 128
9054 9073 512 128 128
9074 9173 768 160 0
9174 9193 512 128 128
9194 9197 16384 128 128
9198 9203 0 128 128
9204 9223 512 128 128
9224 9268 16896 128 128
9269 9313 512 128 128
9314 9323 0 255 128
9324 9335 512 128 128
9336 9380 16896 0 128
9381 9460 768 128 0
9461 9464 0 128 128
9465 9479 512 128 128
9480 9519 16896 128 128
9520 9559 512 128 128
9560 9594 16896 128 128
9595 9664 512 128 128
9665 9699 0 128 255
9700 9729 0 255 128
9730 9735 0 255 128
9736 9845 256 128 0
9846 9849 16 128 128
9850 9864 0 128 128
9865 9869 0 128 128
9870 9878 0 0 128
9879 9883 0 128 128
9884 9895 0 0 128
9896 9899 0 128 128
9900 9911 0 0 128
9912 9915 0 128 128
9916 9919 0 0 128
9920 9923 0 128 128
9924 10013 256 128 0
10014 10025 0 0 128
10026 10029 0 128 128
10030 10038 0 0 128
10039 10042 0 128 128
10043 10047 0 0 128
10048 10051 0 128 128
10052 10076 0 128 0
10077 10080 16 128 128
10081 10098 0 128 128
10099 10110 0 128 0
10111 10114 16 128 128
10115 10129 0 128 128
10130 10144 0 128 128
10145 10148 16384 128 128
10149 10160 0 128 128
10161 10164 16 128 128
10165 10179 0 128 128
10180 10185 16384 128 128
10186 10200 0 128 128
10201 10206 16 128 128
10207 10226 0 128 128
10227 10229 16 128 128
10230 10233 0 128 128
10234 10236 16384 128 128
10237 10242 0 128 128
10243 10245 64 128 128
10246 10250 0 128 128
10251 10253 16384 128 128
10254 10257 0 128 128
10258 10260 64 128 128
10261 10264 0 128 128
10265 10267 64 128 128
10268 10271 0 128 128
10272 10274 64 128 128
10275 10278 0 128 128
10279 10281 64 128 128
10282 10285 0 128 128
10286 10288 64 128 128
10289 10292 0 128 128
10293 10295 16384 128 128
10296 10299 0 128 128
10300 10302 64 128 128
10303 10306 0 128 128
10307 10309 64 128 128
10310 10313 0 128 128
10314 10316 16384 128 128
10317 10321 0 128 128
10322 10324 8192 128 128
10325 10349 0 128 128
10350 10361 0 0 128
10362 10365 0 128 128
10366 10377 0 0 128
10378 10381 0 128 128
10382 10393 0 0 128
10394 10397 0 128 128
10398 10409 0 0 128
10410 10413 0 128 128
10414 10422 0 0 128
10423 10426 0 128 128
10427 10429 0 0 128
10430 10433 0 128 128
10434 10533 256 128 0
10534 10536 0 0 128
10537 10540 0 128 128
10541 10552 0 0 128
10553 10556 0 128 128
10557 10568 0 0 128
10569 10572 0 128 128
10573 10584 0 0 128
10585 10588 0 128 128
10589 10663 256 128 0
10664 10668 0 128 128
10669 10683 512 128 128
10684 10689 16384 128 128
10690 10701 0 128 128
10702 10708 0 0 128
10709 10788 256 128 0
10789 10793 0 128 128
10794 10813 512 128 128
10814 10853 16896 128 128
10854 10893 512 128 128
10894 10933 16896 128 128
10934 11003 512 128 128
11004 11173 0 128 128
11174 11343 0 128 128
11344 11418 0 128 128
11419 11563 0 128 128
11564 11723 0 128 128
11724 11729 16384 128 128
11730 11741 0 128 128
11742 11746 16 128 128
11747 11764 0 128 128
11765 11767 16 128 128
11768 11771 0 128 128
11772 11774 16 128 128
11775 11778 0 128 128
11779 11781 16 128 128
11782 11785 0 128 128
11786 11788 16 128 128
11789 11792 0 128 128
11793 11795 16 128 128
11796 11799 0 128 128
11800 11802 16384 128 128
11803 11807 0 128 128
11808 11810 64 128 128
11811 11814 0 128 128
11815 11817 64 128 128
11818 11821 0 128 128
11822 11825 16384 128 128
11826 11831 0 128 128
11832 11835 8192 128 128
11836 11885 0 128 128
11886 11897 0 0 128
11898 11901 0 128 128
11902 11913 0 0 128
11914 11917 0 128 128
11918 11928 0 0 128
11929 11932 0 128 128
11933 12032 256 128 0
12033 12037 0 128 128
12038 12057 512 128 128
12058 12069 0 0 128
12070 12073 0 128 128
12074 12085 0 0 128
12086 12089 0 128 128
12090 12101 0 0 128
12102 12105 0 128 128
12106 12117 0 0 128
12118 12121 0 128 128
12122 12133 0 0 128
12134 12137 0 128 128
12138 12152 512 255 128
12153 12157 0 128 128
12158 12177 512 128 128
12178 12189 16896 0 128
12190 12274 16896 128 128
12275 12364 0 128 128
12365 12382 0 128 0
12383 12412 0 128 128
12413 12424 0 255 128
12425 12524 256 128 0
12525 12629 256 128 0
12630 12674 0 128 0
12675 12774 0 128 128
12775 12786 512 255 0
12787 12801 0 128 0
12802 12901 0 128 128
12902 12976 0 128 128
12977 13061 16896 128 128
13062 13161 16896 128 128
13162 13166 0 128 128
13167 13178 512 128 128
13179 13190 0 0 128
13191 13194 0 128 128
13195 13206 0 0 128
13207 13210 0 128 128
13211 13219 0 0 128
13220 13223 0 128 128
13224 13227 0 0 128
13228 13231 0 128 128
13232 13236 0 128 128
13237 13251 512 128 128
13252 13351 16896 128 128
13352 13511 0 128 128
13512 13519 16384 128 128
13520 13759 0 128 128
13760 13767 16384 128 128
13768 13963 0 128 128
13964 13971 16384 128 128
13972 14191 0 128 128
14192 14199 16384 128 128
14200 14511 0 128 128
