1000 1007 64 128 128
1008 1015 0 128 128
1016 1023 16384 128 128
1024 1103 0 128 128
1104 1111 64 128 128
1112 1119 0 128 128
1120 1127 16384 128 128
1128 1207 0 128 128
1208 1215 16384 128 128
1216 1295 0 128 128
1296 1303 16 128 128
1304 1311 0 128 128
1312 1319 16384 128 128
1320 1399 0 128 128
1401 1408 16384 128 128
1409 1448 0 128 128
1449 1456 16384 128 128
1457 1496 0 128 128
1497 1504 16384 128 128
1505 1528 0 128 128
1529 1536 16384 128 128
1537 1560 0 128 128
1561 1568 16384 128 128
1569 1592 0 128 128
1593 1600 32 128 128
1601 1608 0 128 128
1609 1616 32 128 128
1617 1624 0 128 128
1625 1632 32768 128 128
1633 1640 0 128 128
1641 1648 128 128 128
1649 1656 0 128 128
1657 1664 128 128 128
1665 1672 0 128 128
1673 1680 16 128 128
1681 1688 0 128 128
1689 1696 64 128 128
1697 1704 0 128 128
1705 1712 64 128 128
1713 1720 0 128 128
1721 1728 64 128 128
1729 1736 0 128 128
1737 1744 64 128 128
1745 1752 0 128 128
1753 1760 64 128 128
1761 1768 0 128 128
1769 1776 64 128 128
1777 1784 0 128 128
1785 1792 64 128 128
1793 1800 0 128 128
1801 1808 64 128 128
1809 1816 0 128 128
1817 1824 16384 128 128
1825 1848 0 128 128
1849 1856 16384 128 128
1857 1880 0 128 128
1881 1888 64 128 128
1889 1896 0 128 128
1897 1904 16384 128 128
1905 1928 0 128 128
1929 1936 32 128 128
1937 1944 0 128 128
1945 1952 64 128 128
1953 1960 0 128 128
1961 1968 64 128 128
1969 1976 0 128 128
1977 1984 16384 128 128
1985 1992 0 128 128
1993 2176 0 128 128
2177 2188 16384 128 128
2189 2308 0 128 128
2309 2320 16384 128 128
2321 2680 0 128 128
