1000 1007 64 128 128
1008 1015 0 128 128
1016 1023 16384 128 128
1024 1103 0 128 128
1104 1111 64 128 128
1112 1119 0 128 128
1120 1127 16384 128 128
1128 1207 0 128 128
1208 1215 16384 128 128
1216 1295 0 128 128
1296 1303 16 128 128
1304 1311 0 128 128
1312 1319 16384 128 128
1320 1399 0 128 128
1401 1408 16384 128 128
1409 1448 0 128 128
1449 1456 16384 128 128
1457 1496 0 128 128
1497 1504 16384 128 128
1505 1528 0 128 128
1529 1536 16384 128 128
1537 1560 0 128 128
1561 1568 16384 128 128
1569 1592 0 128 128
1593 1600 32 128 128
1601 1608 0 128 128
1609 1616 32 128 128
1617 1624 0 128 128
1625 1632 32768 128 128
1633 1640 0 128 128
1641 1648 128 128 128
1649 1656 0 128 128
1657 1664 128 128 128
1665 1672 0 128 128
1673 1680 16 128 128
1681 1688 0 128 128
1689 1696 64 128 128
1697 1704 0 128 128
1705 1712 64 128 128
1713 1720 0 128 128
1721 1728 16384 128 128
1729 1752 0 128 128
1753 1760 16384 128 128
1761 1784 0 128 128
1785 1832 0 128 128
