1000 1007 64 128 128
1008 1015 0 128 128
1016 1023 16384 128 128
1024 1103 0 128 128
1104 1111 64 128 128
1112 1119 0 128 128
1120 1127 16384 128 128
1128 1207 0 128 128
1208 1215 16384 128 128
1216 1295 0 128 128
1296 1303 16 128 128
1304 1311 0 128 128
1312 1319 16384 128 128
1320 1399 0 128 128
1401 1408 16384 128 128
1409 1416 0 128 128
1417 1424 16384 128 128
1425 1432 0 128 128
1433 1440 64 128 128
1441 1448 0 128 128
1449 1456 64 128 128
1457 1464 0 128 128
1465 1472 16384 128 128
1473 1480 0 128 128
1481 1488 16384 128 128
1489 1496 0 128 128
1497 1504 64 128 128
1505 1512 0 128 128
1513 1520 16384 128 128
1521 1528 0 128 128
1529 1536 32 128 128
1537 1544 0 128 128
1545 1552 64 128 128
1553 1560 0 128 128
1561 1568 64 128 128
1569 1576 0 128 128
1577 1584 16384 128 128
1585 1592 0 128 128
1593 2192 0 128 128
2193 2204 16384 128 128
2205 2324 0 128 128
2325 2336 16384 128 128
2337 2576 0 128 128
# Forward, strafe left, then stop after deployment.
2577 2696 0 128 0
2697 2786 0 0 128
2787 2876 0 128 128
