1000 1007 64 128 128
1008 1015 0 128 128
1016 1023 16384 128 128
1024 1103 0 128 128
1104 1111 64 128 128
1112 1119 0 128 128
1120 1127 16384 128 128
1128 1207 0 128 128
1208 1215 16384 128 128
1216 1295 0 128 128
1296 1303 16 128 128
1304 1311 0 128 128
1312 1319 16384 128 128
1320 1399 0 128 128
1401 1408 16384 128 128
1409 1416 0 128 128
1417 1424 16384 128 128
1425 1432 0 128 128
1433 1440 64 128 128
1441 1448 0 128 128
1449 1456 64 128 128
1457 1464 0 128 128
1465 1472 64 128 128
1473 1480 0 128 128
1481 1488 64 128 128
1489 1496 0 128 128
1497 1504 64 128 128
1505 1512 0 128 128
1513 1520 16384 128 128
1521 1528 0 128 128
1529 1536 64 128 128
1537 1544 0 128 128
1545 1552 64 128 128
1553 1560 0 128 128
1561 1568 16384 128 128
1569 1576 0 128 128
1577 1584 64 128 128
1585 1592 0 128 128
1593 1600 16384 128 128
1601 1608 0 128 128
1609 1616 32 128 128
1617 1624 0 128 128
1625 1632 64 128 128
1633 1640 0 128 128
1641 1648 64 128 128
1649 1656 0 128 128
1657 1664 16384 128 128
1665 1672 0 128 128
1673 2272 0 128 128
2273 2284 16384 128 128
2285 2404 0 128 128
2405 2416 16384 128 128
2417 2656 0 128 128
