1000 1007 64 128 128
1008 1015 0 128 128
1016 1023 16384 128 128
1024 1103 0 128 128
1104 1111 64 128 128
1112 1119 0 128 128
1120 1127 16384 128 128
1128 1207 0 128 128
1208 1215 16384 128 128
1216 1295 0 128 128
1296 1303 16 128 128
1304 1311 0 128 128
1312 1319 16384 128 128
1320 1399 0 128 128
1401 1408 16384 128 128
1409 1416 0 128 128
1417 1424 16384 128 128
1425 1432 0 128 128
1433 1440 64 128 128
1441 1448 0 128 128
1449 1456 64 128 128
1457 1464 0 128 128
1465 1472 64 128 128
1473 1480 0 128 128
1481 1488 64 128 128
1489 1496 0 128 128
1497 1504 64 128 128
1505 1512 0 128 128
1513 1520 64 128 128
1521 1528 0 128 128
1529 1536 64 128 128
1537 1544 0 128 128
1545 1552 64 128 128
1553 1560 0 128 128
1561 1568 64 128 128
1569 1576 0 128 128
1577 1584 64 128 128
1585 1592 0 128 128
1593 1600 64 128 128
1601 1608 0 128 128
1609 1616 64 128 128
1617 1624 0 128 128
1625 1632 64 128 128
1633 1640 0 128 128
1641 1648 64 128 128
1649 1656 0 128 128
1657 1664 64 128 128
1665 1672 0 128 128
1673 1680 16384 128 128
1681 1688 0 128 128
1689 1696 64 128 128
1697 1704 0 128 128
1705 1712 16384 128 128
1713 1720 0 128 128
1721 1728 16384 128 128
1729 1736 0 128 128
1737 1744 32 128 128
1745 1752 0 128 128
1753 1760 64 128 128
1761 1768 0 128 128
1769 1776 64 128 128
1777 1784 0 128 128
1785 1792 16384 128 128
1793 1800 0 128 128
1801 2400 0 128 128
2401 2412 16384 128 128
2413 2532 0 128 128
2533 2544 16384 128 128
2545 2784 0 128 128
