RS_WORLD 3 -0.925925925925926 -0.925925925925926 0.925925925925926 0 0 0 11
"D:/Programming/GitHub/RenegadeSquadronPC/work/map-conversions085/data_PEB/Worlds/PEB/msh/HOTH_bldg_hangar_center.msh"
"D:/Programming/GitHub/RenegadeSquadronPC/work/map-conversions085/data_PEB/Worlds/PEB/msh/hoth_bldg_large_hangars.msh"
"D:/Programming/GitHub/RenegadeSquadronPC/work/map-conversions085/data_PEB/Worlds/PEB/msh/hoth_prop_collapse.msh"
"D:/Programming/GitHub/RenegadeSquadronPC/work/map-conversions085/data_PEB/Worlds/PEB/msh/hoth_prop_rock_4.msh"
"D:/Programming/GitHub/RenegadeSquadronPC/work/map-conversions085/data_PEB/Worlds/PEB/msh/hoth_prop_trench_turrets.msh"
"D:/Programming/GitHub/RenegadeSquadronPC/work/map-conversions085/data_PEB/Worlds/PEB/msh/sectionA.msh"
"D:/Programming/GitHub/RenegadeSquadronPC/work/map-conversions085/data_PEB/Worlds/PEB/msh/sectionB.msh"
"D:/Programming/GitHub/RenegadeSquadronPC/work/map-conversions085/data_PEB/Worlds/PEB/msh/sectionC.msh"
"D:/Programming/GitHub/RenegadeSquadronPC/work/map-conversions085/data_PEB/Worlds/PEB/msh/sectionG.msh"
"D:/Programming/GitHub/RenegadeSquadronPC/work/map-conversions085/data_PEB/Worlds/PEB/msh/sectionH.msh"
"D:/Programming/GitHub/RenegadeSquadronPC/work/map-conversions085/data_PEB/Worlds/PEB/msh/sectionA.msh"
RS_BINDINGS 25
5 -48.8704893518519 -5.53988350925926 199.444565740741 -49.4522324 -5.53985071 199.444565
5 -48.8217742592593 -5.44921999074074 194.741468518519 -49.4035149 -5.44918823 194.74147
5 -48.753537037037 -6.32615619444444 196.019405555556 -49.3352776 -6.32612419 196.019409
5 -48.7159058333333 -4.04995988888889 199.53982037037 -49.2976494 -4.04992676 199.539825
5 -48.7159058333333 -4.04995900925926 194.685942592593 -49.2976494 -4.04992676 194.685944
5 -48.5822359259259 -5.79332643518519 198.143980555556 -49.1639786 -5.79329395 198.143982
5 -48.5057865740741 -1.57010941666667 199.589482407407 -49.0875282 -1.57007694 199.589478
5 -48.3845287037037 -1.4288717962963 194.780151851852 -48.9662704 -1.42883992 194.780151
5 -44.6793274074074 -5.65213186111111 194.52557037037 -46.0213242 -5.65210009 194.525574
5 -44.6681481481481 -6.27030089814815 197.044852777778 -46.0101471 -6.27026939 197.044861
5 -44.642565 -5.60965052777778 199.526525 -45.9845619 -5.60961819 199.52652
5 -44.5537990740741 -4.04995988888889 199.562737037037 -45.8957977 -4.04992676 199.562744
5 -44.3710256481481 -1.45908859259259 199.74879537037 -45.7130241 -1.45905638 199.748795
5 -44.3680869444444 -1.4590877037037 194.160602777778 -45.7100868 -1.45905638 194.160599
10 -38.9653064814815 -5.87384833333333 203.904766666667 -41.9124832 -5.87381506 203.90477
10 -38.965302962963 -5.87384612037037 189.898766666667 -41.9124794 -5.87381458 189.898773
10 -38.9562712962963 -5.87463997222222 196.901759259259 -41.90345 -5.87460804 196.901764
10 -38.3796974074074 -5.87464040740741 199.80042037037 -41.3268738 -5.87460804 199.800415
10 -38.3796974074074 -5.87463952777778 194.003125925926 -41.3268738 -5.87460804 194.003128
10 -36.7377457407407 -5.87384833333333 203.904766666667 -39.6849251 -5.87381506 203.90477
10 -36.7377422222222 -5.87464085185185 202.257763888889 -39.6849213 -5.87460804 202.257767
10 -36.7377422222222 -5.87463908333333 191.545769444444 -39.6849213 -5.87460804 191.545776
10 -36.7377422222222 -5.87384612037037 189.898766666667 -39.6849213 -5.87381458 189.898773
10 -34.2483909259259 -5.87384833333333 203.904766666667 -37.1955681 -5.87381506 203.90477
10 -34.2483874074074 -5.87384612037037 189.898766666667 -37.1955643 -5.87381458 189.898773
